2019-05-17 14:57:34.408795
3+3=6
cos(30) = 0.15425
abs(-10) = 10.0
sqrt(25) = 5.0
log(3) = 0.47712
fact(5) = 120
